1 0 0 0 
1 0 0 0 
1 0 0 0 
1 0 0 0 

25
1 0 0 0 
1 0 0 0 
1 0 0 0 
0 1 0 0 

25
1 0 0 0 
1 0 0 0 
0 1 0 0 
0 1 0 0 

62
1 0 0 0 
1 0 0 0 
0 1 0 0 
1 0 0 0 

62
1 0 0 0 
1 0 0 0 
0 1 0 0 
0 0 1 0 

62
1 0 0 0 
0 1 0 0 
0 1 0 0 
0 1 0 0 

45
1 0 0 0 
0 1 0 0 
0 1 0 0 
1 0 0 0 

45
1 0 0 0 
0 1 0 0 
0 1 0 0 
0 0 1 0 

45
1 0 0 0 
0 1 0 0 
1 0 0 0 
1 0 0 0 

8
1 0 0 0 
0 1 0 0 
1 0 0 0 
0 1 0 0 

8
1 0 0 0 
0 1 0 0 
0 0 1 0 
0 0 1 0 

26
1 0 0 0 
0 1 0 0 
0 0 1 0 
0 1 0 0 

26
1 0 0 0 
0 1 0 0 
0 0 1 0 
0 0 0 1 

26
0 1 0 0 
0 1 0 0 
0 1 0 0 
0 1 0 0 

47
0 1 0 0 
0 1 0 0 
0 1 0 0 
1 0 0 0 

47
0 1 0 0 
0 1 0 0 
0 1 0 0 
0 0 1 0 

47
0 1 0 0 
0 1 0 0 
1 0 0 0 
1 0 0 0 

10
0 1 0 0 
0 1 0 0 
1 0 0 0 
0 1 0 0 

10
0 1 0 0 
0 1 0 0 
0 0 1 0 
0 0 1 0 

28
0 1 0 0 
0 1 0 0 
0 0 1 0 
0 1 0 0 

28
0 1 0 0 
0 1 0 0 
0 0 1 0 
0 0 0 1 

28
0 1 0 0 
1 0 0 0 
1 0 0 0 
1 0 0 0 

27
0 1 0 0 
1 0 0 0 
1 0 0 0 
0 1 0 0 

27
0 1 0 0 
1 0 0 0 
0 1 0 0 
0 1 0 0 

64
0 1 0 0 
1 0 0 0 
0 1 0 0 
1 0 0 0 

64
0 1 0 0 
1 0 0 0 
0 1 0 0 
0 0 1 0 

64
0 1 0 0 
0 0 1 0 
0 0 1 0 
0 0 1 0 

33
0 1 0 0 
0 0 1 0 
0 0 1 0 
0 1 0 0 

33
0 1 0 0 
0 0 1 0 
0 0 1 0 
0 0 0 1 

33
0 1 0 0 
0 0 1 0 
0 1 0 0 
0 1 0 0 

52
0 1 0 0 
0 0 1 0 
0 1 0 0 
1 0 0 0 

52
0 1 0 0 
0 0 1 0 
0 1 0 0 
0 0 1 0 

52
0 1 0 0 
0 0 1 0 
0 0 0 1 
0 0 0 1 

14
0 1 0 0 
0 0 1 0 
0 0 0 1 
0 0 1 0 

14
0 0 1 0 
0 0 1 0 
0 0 1 0 
0 0 1 0 

41
0 0 1 0 
0 0 1 0 
0 0 1 0 
0 1 0 0 

41
0 0 1 0 
0 0 1 0 
0 0 1 0 
0 0 0 1 

41
0 0 1 0 
0 0 1 0 
0 1 0 0 
0 1 0 0 

60
0 0 1 0 
0 0 1 0 
0 1 0 0 
1 0 0 0 

60
0 0 1 0 
0 0 1 0 
0 1 0 0 
0 0 1 0 

60
0 0 1 0 
0 0 1 0 
0 0 0 1 
0 0 0 1 

22
0 0 1 0 
0 0 1 0 
0 0 0 1 
0 0 1 0 

22
0 0 1 0 
0 1 0 0 
0 1 0 0 
0 1 0 0 

55
0 0 1 0 
0 1 0 0 
0 1 0 0 
1 0 0 0 

55
0 0 1 0 
0 1 0 0 
0 1 0 0 
0 0 1 0 

55
0 0 1 0 
0 1 0 0 
1 0 0 0 
1 0 0 0 

18
0 0 1 0 
0 1 0 0 
1 0 0 0 
0 1 0 0 

18
0 0 1 0 
0 1 0 0 
0 0 1 0 
0 0 1 0 

36
0 0 1 0 
0 1 0 0 
0 0 1 0 
0 1 0 0 

36
0 0 1 0 
0 1 0 0 
0 0 1 0 
0 0 0 1 

36
0 0 1 0 
0 0 0 1 
0 0 0 1 
0 0 0 1 

22
0 0 1 0 
0 0 0 1 
0 0 0 1 
0 0 1 0 

22
0 0 1 0 
0 0 0 1 
0 0 1 0 
0 0 1 0 

41
0 0 1 0 
0 0 0 1 
0 0 1 0 
0 1 0 0 

41
0 0 1 0 
0 0 0 1 
0 0 1 0 
0 0 0 1 

41
0 0 0 1 
0 0 0 1 
0 0 0 1 
0 0 0 1 

29
0 0 0 1 
0 0 0 1 
0 0 0 1 
0 0 1 0 

29
0 0 0 1 
0 0 0 1 
0 0 1 0 
0 0 1 0 

48
0 0 0 1 
0 0 0 1 
0 0 1 0 
0 1 0 0 

48
0 0 0 1 
0 0 0 1 
0 0 1 0 
0 0 0 1 

48
0 0 0 1 
0 0 1 0 
0 0 1 0 
0 0 1 0 

48
0 0 0 1 
0 0 1 0 
0 0 1 0 
0 1 0 0 

48
0 0 0 1 
0 0 1 0 
0 0 1 0 
0 0 0 1 

48
0 0 0 1 
0 0 1 0 
0 1 0 0 
0 1 0 0 

67
0 0 0 1 
0 0 1 0 
0 1 0 0 
1 0 0 0 

67
0 0 0 1 
0 0 1 0 
0 1 0 0 
0 0 1 0 

67
0 0 0 1 
0 0 1 0 
0 0 0 1 
0 0 0 1 

29
0 0 0 1 
0 0 1 0 
0 0 0 1 
0 0 1 0 

29